639
617
275
353
434
674
70
9
195
671
477
103
228
166
691
73
289
580
74
813
216
815
822
173
777
39
610
466
77
493
443
11
457
804
662
299
517
594
386
100
557
569
548
177
645
387
512
229
789
323
114
410
669
80
227
236
479
778
643
403
524
115
817
634
604
16
416
383
352
660
441
176
242
290
506
346
456
141
129
730
207
742
338
806
199
618
494
478
233
531
712
344
247
139
703
198
126
628
252
370
468
405
79
128
624
200
514
472
273
460
210
222
467
237
745
135
63
392
448
38
585
794
743
525
362
625
510
647
535
677
3
75
72
438
665
378
796
124
530
520
728
738
283
718
328
98
436
632
426
164
484
587
784
591
502
81
675
334
243
329
716
43
26
776
769
470
652
208
688
53
191
47
452
714
668
607
805
123
397
653
613
747
213
8
382
264
25
174
683
732
455
766
35
268
539
221
534
729
658
731
302
194
597
321
234
318
111
582
296
303
724
76
793
143
425
576
18
429
294
527
549
308
146
384
611
95
640
825
235
349
196
708
799
418
67
158
655
779
487
172
819
84
523
532
101
256
104
414
686
140
431
630
433
721
419
553
737
90
581
473
666
343
458
54
690
606
189
212
40
136
428
482
461
92
740
499
489
260
78
171
698
407
356
6
153
797
615
755
808
529
635
239
246
818
503
265
102
584
120
262
293
608
361
315
722
572
810
578
300
147
333
592
220
364
614
193
687
108
435
372
309
310
62
550
646
391
119
519
570
764
711
85
545
619
211
337
551
424
411
544
811
500
336
727
121
602
150
380
311
567
498
459
4
278
183
590
113
771
1
60
765
41
715
359
298
533
713
219
627
64
599
280
5
501
601
59
648
717
564
86
348
565
342
215
801
249
440
786
422
753
301
568
603
46
676
758
325
306
775
288
710
248
168
563
598
538
442
142
266
651
781
785
269
13
319
52
752
20
24
255
404
17
385
556
552
272
19
746
701
641
588
820
30
355
125
689
809
214
284
697
554
821
469
230
178
593
197
485
684
693
65
399
88
733
574
420
393
664
181
57
788
374
50
709
313
736
377
376
526
276
759
616
515
566
381
131
388
151
93
160
137
816
347
36
335
750
282
670
202
481
463
144
486
795
586
389
763
270
723
629
231
513
754
61
116
133
583
257
34
297
27
130
37
238
637
167
659
51
518
33
394
367
720
696
401
423
331
322
55
152
636
444
644
307
681
105
118
134
261
649
209
7
661
305
29
673
762
327
398
449
447
725
824
490
508
117
678
667
187
546
368
286
685
547
56
631
188
445
507
427
279
339
206
44
190
66
642
281
324
803
358
432
89
259
672
375
94
267
579
739
453
48
22
605
320
149
223
42
497
253
330
83
790
654
536
744
159
91
340
663
58
770
412
492
402
437
203
109
682
480
251
702
12
780
317
446
23
595
68
162
464
371
332
274
679
694
314
638
700
341
28
15
155
537
379
170
792
226
132
127
558
734
154
365
169
476
749
69
802
772
99
704
175
596
351
421
612
316
707
161
232
475
350
555
245
224
396
474
250
454
14
705
277
217
185
620
719
491
430
540
205
571
774
204
165
225
357
589
650
577
295
373
751
798
767
145
451
413
312
106
184
633
10
271
287
623
560
496
756
505
21
656
366
182
156
180
31
768
626
32
488
542
87
575
263
483
699
192
823
511
179
138
695
408
622
395
735
244
814
800
201
97
49
163
285
82
465
812
157
807
521
291
409
417
400
573
782
559
748
439
2
706
609
107
360
471
369
760
45
462
621
415
692
741
363
761
787
450
726
258
240
680
543
254
354
96
783
122
241
504
528
345
218
757
292
791
561
509
186
495
562
110
773
390
516
522
304
600
148
71
657
406
326
112
541